256 256 256 674 1
202.506180 241.015167 162.544022 9.392155 0
244.687149 181.419601 196.974762 0.535097 1
249.546677 0.078127 185.747849 0.473469 2
55.931393 203.560898 203.834351 10.612470 3
241.741745 163.340927 229.413254 35.698265 4
197.904480 85.721367 26.188299 0.274185 5
204.943756 190.255814 232.147705 0.339893 6
32.000977 80.619644 54.837612 0.052665 7
18.383373 140.074585 157.200104 4.621354 8
229.577316 255.289047 245.765320 30.184896 9
63.744133 4.812647 201.490524 5.787339 10
44.845119 223.999023 153.051544 21.828928 11
242.077698 98.307686 140.590225 0.345245 12
123.956909 193.334030 145.996643 12.751225 13
174.849091 197.131012 113.722221 4.493607 14
97.963928 247.155975 226.030334 6.302338 15
76.932037 249.656052 32.782249 12.764458 16
175.817871 175.591293 27.727409 2.165969 17
253.624924 93.034088 175.302231 20.649307 18
81.369667 104.065674 3.843867 17.916161 19
245.601242 226.210022 145.473190 0.624082 20
198.404495 130.285233 210.279861 2.396504 21
181.958679 54.884487 43.157566 9.553308 22
59.572132 249.226349 19.070894 4.630931 23
245.210602 8.570574 0.851588 42.986374 24
67.470810 54.142277 39.454330 4.280678 25
40.235603 105.542282 136.746353 3.851322 26
47.579578 5.593921 102.784386 4.388969 27
171.380234 85.846367 155.629745 12.896772 28
9.289346 172.403702 223.592758 2.020078 29
139.340195 88.338631 134.004089 20.636414 30
42.899746 28.657125 184.544693 2.145192 31
238.257278 79.635246 184.990021 2.103481 32
120.613052 74.767906 49.485886 6.323838 33
28.649311 83.143166 27.375835 24.549919 34
57.533005 162.395584 68.423965 12.917607 35
42.470047 184.044678 250.624832 18.500917 36
144.691910 155.481308 230.491409 26.155869 37
64.048828 54.298531 155.825073 1.402469 38
150.004578 111.269020 232.999298 23.465925 39
131.152435 45.665455 108.729881 8.907204 40
15.289529 237.265060 122.402176 1.204204 41
159.926758 10.664388 212.772125 8.928790 42
201.303024 112.261238 71.322487 12.064054 43
241.944885 203.615585 166.012878 0.223812 44
144.668472 243.343369 59.540878 1.949364 45
77.158607 165.590988 46.173283 4.430490 46
202.943695 70.853722 226.991302 0.471915 47
102.956268 201.474899 231.655502 4.810199 48
175.575668 101.448410 106.745445 1.489640 49
223.131805 72.916290 202.482742 6.240314 50
32.930691 233.030548 66.048889 6.799489 51
232.850861 27.352398 61.361248 12.884542 52
37.274574 159.801758 91.315285 1.743022 53
147.715439 67.002045 166.637894 9.753227 54
255.789063 65.244179 13.086337 5.849993 55
180.739883 17.859921 157.317307 9.027788 56
233.530563 67.127052 147.090424 0.674657 57
111.315895 142.707474 186.075989 6.081580 58
106.495438 206.498489 47.165501 16.266947 59
94.260689 250.093567 8.226813 13.180826 60
82.580643 212.670547 234.374344 6.920346 61
92.791893 115.362892 22.750694 24.709076 62
82.588455 68.244270 245.866882 11.142036 63
239.554184 189.654221 169.286423 4.333381 64
53.204750 94.127876 171.989624 12.317296 65
77.549240 36.844875 9.109653 7.037759 66
184.060303 42.477859 49.235878 13.864935 67
9.234657 130.636795 246.187195 7.466244 68
4.648580 13.742607 181.271164 5.756195 69
89.455856 99.487411 56.095463 0.838897 70
201.420212 125.667900 83.869743 8.295619 71
2.453200 75.650749 207.123505 10.155663 72
242.679276 214.256546 150.020203 8.760627 73
222.897430 28.149296 197.162262 7.502957 74
3.671987 78.791466 146.824799 0.485134 75
8.836207 151.793701 158.786102 10.302102 76
15.539536 14.859829 176.567886 7.614118 77
162.754974 8.172125 108.229866 0.270396 78
82.330635 99.323341 5.672048 6.538755 79
64.517593 2.671957 122.378738 7.117597 80
106.003235 19.305277 89.729301 6.771550 81
240.421402 77.432053 163.770630 5.238382 82
47.407696 213.248688 198.490433 8.830266 83
228.139771 228.389786 65.595749 8.502100 84
47.313946 227.827271 248.835724 27.152893 85
185.763489 30.250923 188.716690 7.687816 86
195.404404 179.028900 17.828669 3.053967 87
100.807762 241.538620 190.630814 0.065455 88
203.248383 197.123199 39.688713 13.778374 89
183.177460 89.502731 2.507889 0.387160 90
5.320475 159.653305 102.784386 1.917342 91
138.183899 219.217621 198.185730 15.817247 92
8.039308 224.436539 210.631424 1.058247 93
135.543198 42.524734 219.116058 9.194787 94
218.686356 114.589432 166.911346 1.966203 95
146.379471 239.046356 87.432358 20.601065 96
46.462357 227.499130 88.463638 1.826639 97
208.240723 169.177032 230.952362 1.060198 98
55.486069 215.826904 54.282906 10.273833 99
82.041565 183.107147 188.099487 12.023347 100
37.774590 160.520523 170.520828 0.920382 101
93.143471 121.800591 32.977570 0.241406 102
62.244087 239.827637 27.469589 0.198743 103
84.299446 154.012512 168.356705 2.333177 104
147.731064 174.247498 108.612686 29.882580 105
64.650414 109.261147 254.648392 5.466220 106
95.956055 239.577621 31.547838 9.557339 107
250.788910 122.863121 90.909027 13.023848 108
252.585831 7.883053 21.063143 4.244074 109
243.648056 32.899441 143.887207 4.435589 110
124.136604 192.544937 238.085388 28.159048 111
157.621994 89.252724 188.958893 17.035772 112
227.092865 173.184967 12.695700 15.877424 113
117.495773 158.575150 159.161102 19.503210 114
0.796899 160.715836 53.142246 0.867690 115
171.458359 241.304245 130.183655 2.965761 116
232.522720 66.345772 206.826630 39.299042 117
108.097046 252.640518 209.397018 7.488625 118
10.437819 194.568436 197.302902 11.327988 119
201.428024 91.588730 72.791283 8.686525 120
236.624405 176.122559 9.273721 0.474246 121
67.830193 253.937439 198.052917 0.828601 122
132.066528 237.069733 177.622604 3.775817 123
243.148041 173.231842 185.482224 8.052138 124
45.657642 195.716904 188.365128 2.627436 125
79.572739 177.817932 55.064182 2.652226 126
71.197487 27.688345 111.683098 6.495747 127
154.754730 151.817139 167.442612 4.356496 128
104.386002 206.873505 90.916840 2.028883 129
232.718033 20.133427 24.883572 10.853413 130
59.829952 30.422804 247.562241 4.392773 131
200.888947 9.453414 48.360851 0.712733 132
248.062256 71.806877 234.257156 1.499351 133
143.129364 173.255295 186.466629 1.051840 134
120.488052 57.736137 227.811646 0.047260 135
60.681538 204.764069 220.452042 23.257650 136
246.445023 105.245399 34.180729 5.441600 137
9.203406 50.009338 229.233551 5.606695 138
98.159248 198.615433 145.504440 7.647071 139
139.762085 40.805931 190.388626 22.258974 140
91.784050 210.428299 141.035553 0.255510 141
131.824341 35.758904 253.148346 11.907861 142
204.365616 210.529861 64.220711 1.937535 143
66.267647 129.222687 147.387314 58.449078 144
30.844692 39.055878 167.637924 5.023256 145
178.372635 112.354988 32.641621 0.081224 146
25.094517 191.451157 50.024963 12.782537 147
2.820399 246.101257 227.131927 4.608747 148
84.885406 175.388168 1.289102 9.533991 149
238.726028 18.148991 72.674095 15.039872 150
88.885529 227.858521 203.498398 11.434325 151
166.575394 4.023561 31.805658 2.979213 152
81.666557 248.132568 91.838737 1.901224 153
89.276161 175.997559 104.690697 15.603251 154
106.722008 42.727867 179.692978 2.630827 155
93.143471 36.118290 198.138855 12.810338 156
199.443588 114.503494 203.584335 5.062694 157
248.898224 61.236244 142.621536 20.556301 158
28.125858 179.552353 244.187134 9.313560 159
204.662491 107.972046 125.292885 6.907020 160
230.975800 20.250618 215.350327 2.485613 161
218.975433 153.731247 2.921964 7.574375 162
73.095978 114.284737 25.047640 14.831411 163
49.767143 45.696709 54.978241 1.803052 164
127.511703 247.601303 152.457779 1.036262 165
51.392193 49.829647 104.542252 6.421308 166
252.148315 207.420395 80.861839 5.729667 167
127.597641 151.887451 79.385239 5.049832 168
30.813440 251.257675 218.733231 8.161770 169
124.542862 158.387650 220.928619 13.151710 170
142.269974 71.916260 140.683975 10.645658 171
127.777336 85.643242 173.216217 12.847962 172
49.142124 98.463943 60.486221 18.036257 173
151.293686 68.744286 24.000732 2.312940 174
198.998260 13.258217 160.083008 1.930384 175
242.452713 46.571735 225.663132 7.652788 176
33.258827 116.948883 78.549271 13.042523 177
235.030609 246.773163 140.238647 23.164341 178
252.320206 165.434738 97.135780 8.988643 179
174.231873 166.770721 72.416275 9.925277 180
120.417740 30.930632 180.239868 5.534198 181
133.636887 146.801361 134.558792 5.675882 182
50.743736 138.910492 200.412369 2.288202 183
192.263687 158.848602 39.673084 7.862030 184
254.382767 145.137238 67.369240 9.768114 185
59.501816 163.692490 78.432083 5.501594 186
61.290932 204.662491 16.977081 15.023888 187
140.183960 243.898071 208.139160 0.201747 188
217.397263 224.803741 36.266731 0.956346 189
199.506088 0.789087 69.783379 12.067364 190
221.467697 174.169373 216.412857 6.128188 191
236.116577 31.516586 188.997955 0.587738 192
174.224060 167.645737 241.757385 11.257874 193
235.030609 109.964294 9.062777 18.799902 194
227.272568 71.400620 62.775352 19.041595 195
80.697777 215.819092 179.950806 12.835806 196
192.123047 163.895630 217.147247 3.855274 197
141.957458 59.548691 143.230927 5.348631 198
77.205482 36.844875 6.640828 4.972639 199
225.061554 175.403793 229.186676 5.432446 200
16.852077 88.276131 186.255692 14.464284 201
222.670853 230.405472 73.713188 6.859689 202
104.300056 231.475815 181.091461 31.167101 203
154.840668 181.364914 11.390973 0.487988 204
128.675797 172.020874 71.416245 4.419453 205
114.042542 183.872803 68.463028 0.226323 206
240.046387 228.764801 177.677292 17.674574 207
114.167549 21.305338 139.793335 4.118897 208
238.351028 138.840179 37.446457 2.829683 209
99.479599 101.815605 69.924011 17.535669 210
46.446732 198.685745 102.471878 8.543901 211
113.675346 183.333725 150.059265 12.889432 212
87.119843 132.980621 11.656606 13.877378 213
116.839500 178.583572 239.054169 11.476233 214
28.024292 43.720085 96.057617 1.243751 215
218.491043 224.053711 68.392715 2.612531 216
246.757538 111.159645 227.889771 25.761267 217
46.524857 13.016023 219.272324 1.672899 218
127.777336 70.845909 109.503342 52.903900 219
68.259895 208.553238 187.497910 34.197475 220
103.503159 2.601642 234.436844 8.021469 221
255.414047 48.478043 192.544937 0.161786 222
15.219214 127.542953 192.373062 0.160541 223
189.107330 102.440628 74.549149 6.742573 224
194.138733 125.042877 206.139099 0.933541 225
92.870018 196.826324 143.309067 12.569413 226
142.355911 17.773979 12.726951 6.155018 227
233.663376 187.826050 139.262070 6.366470 228
189.904236 64.697289 208.303238 3.765255 229
226.803802 254.398392 146.520096 0.862249 230
239.694809 174.036560 169.161407 12.197520 231
37.055817 199.295151 129.824280 9.416677 232
208.561050 116.300423 228.756989 5.623935 233
115.581650 62.040955 143.605942 32.426373 234
116.237923 25.282022 174.724075 2.509299 235
160.934601 251.960815 188.935455 3.948717 236
78.369576 163.075287 209.826721 0.338365 237
88.088623 177.130402 230.530472 2.590225 238
203.506210 205.014069 24.985138 1.436581 239
133.425949 233.421188 117.777031 0.252233 240
138.090149 92.745018 80.314949 3.690941 241
95.713860 241.499557 177.724167 0.102710 242
51.493759 151.192108 230.046082 8.721312 243
17.148960 219.780151 176.060059 3.802870 244
244.984039 213.545578 43.556015 0.761725 245
0.328135 165.497238 230.139832 12.124949 246
152.715591 58.290840 54.431347 3.671215 247
185.263474 123.636589 89.963684 22.709284 248
62.783165 134.191589 97.370155 4.064337 249
118.331734 31.977539 115.214455 0.878582 250
182.177429 13.289468 109.245522 8.553853 251
73.369423 110.089294 108.206429 3.491672 252
117.784843 203.920288 66.080139 4.813317 253
228.600723 0.304697 98.909271 13.680580 254
53.392254 155.676620 80.049316 0.528313 255
3.625111 244.749649 9.961242 10.966077 256
38.712120 136.449478 144.496597 11.218082 257
116.503555 210.318924 249.656052 4.732625 258
206.365677 69.408371 38.907436 8.466846 259
192.662125 141.707443 160.934601 1.049613 260
124.847557 194.013733 161.942444 5.913142 261
117.941101 174.380325 214.404984 6.707488 262
103.589096 222.983368 220.397354 3.973553 263
15.594226 147.574814 9.320597 10.673419 264
97.932678 67.330177 126.238228 0.563863 265
127.285133 217.326950 18.594318 1.778010 266
54.095402 81.361855 29.579027 5.977824 267
86.072937 221.444260 165.817566 4.964460 268
158.231384 59.634632 255.710922 1.470251 269
141.426193 100.518692 98.190498 1.481702 270
221.381760 58.025208 122.034973 25.508615 271
240.226074 94.916962 131.605576 1.525012 272
248.507584 222.655228 243.163666 4.652302 273
35.735466 205.803162 51.610950 5.386359 274
143.457504 138.949554 131.832153 7.726203 275
80.674339 200.107666 122.402176 0.992748 276
86.002625 4.609516 55.931393 10.272951 277
108.112671 159.543930 207.826660 10.641963 278
44.821682 42.610676 239.538559 14.801848 279
32.563496 37.602711 76.385147 2.697249 280
218.491043 202.232727 223.842773 4.664540 281
86.932343 16.570818 122.261543 4.289437 282
100.495255 147.996704 180.224243 10.877151 283
95.526352 128.511734 198.263870 12.860137 284
8.219001 48.735863 79.197731 38.185276 285
187.076019 164.262833 144.871613 3.420968 286
211.975220 118.566116 43.454453 7.115814 287
131.699326 126.433548 223.225555 2.545128 288
223.959961 189.865173 92.823143 0.917917 289
117.925476 202.451492 172.098999 0.323098 290
39.274635 86.299507 49.306190 1.569448 291
153.699997 1.468795 216.959747 1.720286 292
0.945341 27.828974 114.050354 2.252533 293
139.363632 127.488266 190.896454 0.458459 294
56.900173 43.688835 68.353645 1.908659 295
100.674950 200.232666 95.666985 2.844650 296
200.967072 185.380661 170.692703 23.553558 297
69.775566 236.241577 54.696983 4.055009 298
49.860897 3.687613 165.669113 8.936994 299
126.246040 13.805109 170.052063 23.875305 300
116.253548 105.714165 245.062164 2.046521 301
86.049500 6.031434 27.453962 16.779152 302
169.669235 159.793945 120.808372 1.737863 303
118.558304 41.798149 153.293747 5.574774 304
61.572193 4.570452 49.985901 21.743406 305
243.562119 46.743614 47.610828 5.415613 306
198.326370 21.969421 227.850708 4.705321 307
244.241821 48.313976 217.100372 9.301057 308
126.191353 6.179876 84.783836 1.226941 309
252.195190 212.725235 16.109867 12.855265 310
92.338753 112.698753 47.360821 5.388274 311
212.412735 145.957581 255.664047 33.428616 312
205.857849 47.274879 131.285263 5.745673 313
20.320932 18.797449 84.408829 2.780799 314
14.719199 78.955536 230.421097 1.588483 315
74.721031 187.818237 173.677170 43.759388 316
34.821377 37.063633 53.790703 8.948940 317
198.849823 80.346199 174.435013 12.053032 318
110.972137 132.214966 246.593460 5.828716 319
1.296915 183.513412 174.333450 13.747004 320
241.866760 17.281778 87.135475 7.238566 321
165.137848 225.209991 10.640950 10.876200 322
29.102451 184.458755 207.943848 0.277470 323
56.775169 203.131195 23.328836 4.527503 324
78.221138 66.166084 100.643700 27.087706 325
103.081268 165.731613 175.989746 10.726434 326
231.632065 8.148686 133.050934 1.457645 327
232.296158 25.274208 104.870384 0.422859 328
9.656545 202.428055 142.121521 6.652343 329
11.055025 170.778656 95.893555 11.074501 330
235.554062 164.278458 234.983734 7.963783 331
221.467697 65.048859 173.638107 5.916210 332
212.443985 33.290077 213.897156 8.103068 333
245.968445 201.693649 118.323921 6.804631 334
180.380508 114.323799 185.302536 12.708073 335
220.436417 254.070251 154.832855 9.312778 336
93.315346 194.505936 48.782738 2.522340 337
19.156836 72.322517 9.703422 1.687658 338
92.112183 172.247437 170.091125 0.509556 339
191.833984 200.412369 176.153809 11.486489 340
113.542526 206.271927 166.114441 11.757843 341
244.554337 121.034943 11.000336 1.242326 342
171.270859 128.542984 153.918762 2.110471 343
152.801544 116.691063 87.783928 9.868073 344
28.883694 169.325485 111.698723 0.259040 345
242.499588 90.659019 101.651543 19.419788 346
56.861111 178.177307 167.841064 17.594906 347
206.959442 212.006470 6.429884 7.616015 348
201.599899 156.903229 25.860165 20.121918 349
75.900757 56.564228 31.602528 2.652226 350
138.387039 56.618916 85.447922 11.778038 351
64.447281 83.963501 91.291847 0.514502 352
96.432632 118.714561 163.426865 8.102396 353
70.134956 74.596024 121.292763 10.453075 354
51.845333 223.866211 166.801971 1.231781 355
97.901428 158.661087 64.056641 5.722175 356
104.651634 41.001251 157.707932 0.900684 357
77.080475 85.111969 13.672293 12.388194 358
247.773193 232.374283 66.462967 1.551051 359
94.440384 58.697105 8.914334 8.756249 360
40.016846 106.479813 76.525772 3.346060 361
19.133396 72.955353 242.194885 4.451757 362
231.155487 167.130096 145.520065 3.100235 363
55.712639 43.181004 148.574844 15.388144 364
194.795013 86.385452 198.209167 13.853891 365
177.161652 227.483505 214.787811 4.467105 366
129.496140 37.602711 223.530258 9.168631 367
229.850769 143.707504 108.222054 4.129527 368
91.713737 12.430067 19.563097 16.461411 369
198.560745 78.533646 37.907406 11.314919 370
212.819000 193.787170 122.558426 3.985197 371
119.472397 68.384903 227.553818 0.102958 372
52.056274 80.861839 79.916504 0.230342 373
153.199982 192.474625 36.493301 22.589167 374
157.621994 206.139099 211.193939 36.833309 375
49.720268 129.808655 56.759544 1.116423 376
203.576523 44.384167 201.099884 4.387702 377
53.462570 28.149296 18.000549 4.654922 378
102.917206 49.642139 156.496964 12.569413 379
176.231934 125.081940 180.552383 3.159085 380
0.523453 140.246460 31.415022 1.310484 381
142.246521 144.918488 72.369392 0.255006 382
170.208313 7.781487 236.038452 2.523678 383
5.132969 7.797113 202.107727 8.856076 384
47.665516 226.155334 101.690605 8.502100 385
156.926666 58.626789 92.041870 1.486993 386
239.515121 64.525406 89.877747 4.438990 387
217.061310 48.079594 55.134495 0.857084 388
84.252571 196.349747 65.251991 0.740270 389
129.378952 193.623093 59.970581 3.757442 390
237.327560 64.345711 32.602558 1.425486 391
139.137054 224.514664 35.813595 13.394172 392
40.048096 141.543381 9.906552 9.651420 393
161.997131 250.765472 81.588425 7.357105 394
168.661392 128.230469 61.275307 8.799403 395
81.010284 128.199219 66.861412 7.636917 396
67.306740 252.984283 233.999329 1.847219 397
203.654648 135.394760 160.856476 7.619178 398
149.027985 45.649830 143.473129 11.975206 399
86.799522 146.738846 241.460495 3.085501 400
60.783104 214.381546 254.320267 1.406834 401
81.736870 117.378586 232.210205 3.619230 402
180.435196 202.584305 249.265427 3.551200 403
223.155243 88.244881 87.299538 0.944798 404
201.740524 129.957092 118.198921 3.314962 405
46.134220 223.053680 192.599625 3.589730 406
183.380600 205.498459 127.199196 9.273773 407
99.182716 109.308022 134.590042 20.323763 408
221.936462 172.458389 179.474228 0.888943 409
33.219765 139.277695 189.458908 0.442187 410
28.883694 65.376999 104.370369 13.338359 411
178.544510 107.034515 156.012573 13.050005 412
203.623398 231.100800 106.440750 12.523723 413
209.881409 141.410568 140.746475 1.762779 414
82.447830 101.706230 94.346626 22.402262 415
19.352154 135.019745 222.780243 3.014011 416
99.565536 71.595932 193.935608 0.583273 417
237.507248 229.288254 22.891323 2.155414 418
212.084595 78.447708 141.191803 13.095048 419
98.252998 51.376568 224.561539 16.707882 420
21.016266 8.195562 115.269142 3.247628 421
71.955322 31.266579 158.872040 8.926555 422
76.291389 132.082153 195.474716 0.404605 423
50.368725 190.701126 157.575119 1.443011 424
13.734795 39.618397 234.272781 0.522838 425
251.648300 244.210571 226.100647 4.711039 426
180.091431 163.598740 146.270096 7.128897 427
237.343185 244.093384 156.504776 5.200409 428
89.979309 9.078403 101.253090 1.867852 429
137.433884 233.452438 56.525162 2.894978 430
114.972260 254.453079 109.151772 72.087059 431
243.296494 187.154144 14.547319 0.932992 432
4.507950 20.320932 21.039705 6.557021 433
248.710709 240.858917 180.614883 1.616822 434
126.964813 58.626789 202.185852 17.091406 435
186.865082 183.989990 239.413559 10.467517 436
54.579792 85.565109 60.954987 1.062986 437
247.366928 8.758080 67.291115 6.914549 438
124.558487 242.616776 65.931702 2.223466 439
241.194855 235.194672 37.266762 11.196280 440
87.955811 29.532152 82.815025 5.589491 441
249.765442 220.037964 204.014038 20.364128 442
222.772430 85.369789 175.481918 16.203779 443
153.895325 81.869682 160.833038 10.185260 444
46.884243 161.458054 30.938444 2.416294 445
90.807457 98.026428 80.713402 24.502783 446
7.101779 198.388870 80.385269 9.588846 447
47.118626 133.629074 125.292885 8.810412 448
0.125004 155.051605 220.155151 2.924834 449
123.863152 126.574173 13.851985 0.850022 450
101.565598 125.628838 228.733536 1.817441 451
193.490280 92.557510 32.336926 5.646157 452
174.942841 232.561783 87.768303 2.454694 453
228.835114 162.044006 154.364090 15.281897 454
152.676529 39.579334 207.076630 11.299868 455
24.141361 137.277634 90.174629 4.017001 456
221.092682 44.696678 17.602100 15.250624 457
100.081177 105.276649 7.695548 1.111933 458
141.426193 133.214996 52.485977 0.090355 459
208.717300 58.868984 133.496262 0.973148 460
10.820642 110.698692 91.994995 2.312614 461
46.501419 61.634693 1.796930 8.822907 462
159.332993 12.008179 28.547747 2.573031 463
127.324196 188.951080 167.497299 4.714559 464
182.911835 186.286942 123.753777 5.363415 465
255.476547 244.960602 239.116669 3.903649 466
184.404068 133.941589 145.332565 17.275467 467
206.623489 23.602283 143.863770 6.207359 468
126.589798 191.685532 200.193604 13.112633 469
56.876736 113.605026 16.586443 11.542095 470
113.144081 177.489792 191.396469 6.958710 471
159.731430 175.458481 248.804474 2.835945 472
61.642506 115.620712 203.146820 0.299744 473
3.093844 66.431717 161.668991 1.949364 474
48.563984 225.624069 21.805353 17.273352 475
42.282539 229.592941 167.005096 10.944951 476
46.306099 175.317856 96.917023 32.163601 477
109.018951 66.775475 248.288834 5.073735 478
76.166389 157.825134 102.151558 5.079261 479
28.414930 183.614975 137.660446 4.117263 480
9.351848 208.514175 216.350357 12.260574 481
140.019897 58.501785 164.911285 21.915375 482
39.969971 66.064514 4.484512 6.233393 483
186.763519 95.627922 218.475418 8.725670 484
38.032410 89.424606 18.734947 2.875368 485
155.989136 125.956970 146.465408 0.714601 486
86.471390 158.832977 231.397690 1.849988 487
0.453139 244.234009 61.634693 1.524125 488
154.106262 144.785675 163.919067 5.336729 489
31.305643 141.988708 38.399609 14.056469 490
184.685318 153.090607 199.935791 15.356454 491
191.123016 8.523698 225.842834 1.751527 492
89.830864 33.813534 242.218323 11.299868 493
254.859344 183.950928 96.674828 16.925652 494
158.114197 202.326492 65.681694 5.931056 495
190.896454 76.127327 160.293961 48.021824 496
87.963623 188.247925 86.432327 3.702180 497
170.020813 181.700851 251.726425 1.254311 498
228.764801 32.500992 242.710526 2.721227 499
222.420853 43.110691 28.664938 1.917963 500
165.770691 180.302383 59.900265 13.091285 501
54.681355 77.580490 140.488663 0.742681 502
25.149204 126.113220 155.582870 7.807423 503
50.806236 110.104919 229.186676 2.077166 504
146.988861 162.708084 64.439468 1.106044 505
129.222687 242.460526 162.419022 0.930523 506
150.278030 90.127754 63.369122 12.210990 507
39.712151 218.194153 146.520096 6.427848 508
205.896912 4.687643 84.377579 3.785216 509
76.517960 99.659294 231.468002 20.100805 510
165.653488 96.018555 67.642693 1.547791 511
159.262680 208.982941 231.882080 1.685548 512
131.246185 219.983276 218.522293 20.789232 513
97.963928 77.057037 64.064453 19.422556 514
159.286118 15.758293 144.480972 10.814635 515
18.078676 240.577652 242.960541 0.171009 516
126.292915 78.799278 200.193604 16.240875 517
177.442917 230.999237 235.171234 6.295899 518
9.679983 93.838799 176.442886 3.099876 519
175.310043 179.575790 43.938843 1.520582 520
72.791283 71.885010 197.216949 3.974356 521
113.323769 150.332718 162.215881 9.899990 522
185.849426 83.229103 240.608902 0.308621 523
124.566299 17.070833 149.535812 4.035174 524
75.002289 22.445997 75.908569 1.265743 525
62.501907 140.402725 185.154083 0.928329 526
243.304306 173.403732 128.542984 8.804539 527
118.003601 28.680563 220.936432 4.619179 528
235.694687 14.219184 201.092072 7.892748 529
60.361217 103.073456 62.423779 7.994232 530
136.035400 126.331978 146.309158 0.121528 531
174.255325 166.505081 121.831841 4.385589 532
176.106934 39.430889 188.091675 6.295363 533
52.775047 208.693863 26.985199 10.337579 534
248.570084 204.506241 122.488113 2.751130 535
110.433060 219.139496 206.420364 1.944070 536
92.002808 158.809540 214.725296 1.801829 537
184.130615 32.110355 50.274971 11.902454 538
147.902954 50.892178 208.154785 5.295919 539
86.182320 227.678818 71.392807 13.387662 540
17.648975 149.574875 29.305582 16.159487 541
61.306557 248.679459 130.238342 5.122682 542
151.551498 128.972687 140.863678 10.715243 543
123.636589 133.738449 123.949097 9.698057 544
113.800346 177.458542 6.656453 1.327183 545
65.697319 234.249329 67.322365 1.803664 546
79.510239 90.713707 44.696678 10.332247 547
139.433945 195.404404 77.791435 2.297632 548
187.708847 188.693253 156.114136 3.905638 549
105.182899 17.172400 8.461196 4.110322 550
54.306343 216.608170 206.225037 0.183241 551
232.694595 123.292824 9.101840 0.542409 552
237.140045 69.986511 153.481247 34.970490 553
158.129822 182.302444 223.123993 23.807997 554
20.930326 39.618397 82.502518 5.336729 555
205.060944 8.500259 132.589981 3.888153 556
226.342850 64.580093 141.074615 14.792535 557
49.439011 238.991669 111.229958 6.046152 558
34.899502 41.227821 125.121002 7.915043 559
104.659447 226.631912 65.431686 4.645753 560
118.073914 164.200317 247.734116 9.127263 561
250.492020 61.079990 27.235207 0.147101 562
38.219917 19.414656 20.133427 34.556278 563
2.117252 61.775322 139.340195 14.566177 564
161.606491 13.070711 108.753319 4.725129 565
119.159889 46.931118 32.086918 14.947606 566
147.395126 16.648945 0.125004 5.649125 567
22.586626 170.552078 152.504654 21.452862 568
156.684464 91.916870 177.981995 9.023262 569
235.835327 255.406235 181.239899 3.837111 570
173.442795 223.913086 108.167366 19.353672 571
121.691216 182.044617 169.614548 1.762779 572
253.570236 85.963562 223.717758 16.635288 573
131.394638 53.829769 44.618549 2.892524 574
165.856628 116.683250 229.811707 0.650521 575
117.558273 137.871399 41.876278 7.567455 576
217.022247 68.947418 128.785187 17.489901 577
111.222145 70.072449 18.680258 30.356714 578
188.662003 150.926483 125.136635 4.286934 579
234.827484 140.121460 206.982880 0.172257 580
226.295975 151.082733 178.521072 2.591237 581
7.203345 48.478043 78.369576 14.097608 582
96.346687 131.136810 228.725723 2.117785 583
112.620621 255.406235 185.115021 5.916210 584
139.144867 127.097626 68.720848 9.530776 585
233.733688 33.907284 65.126991 10.088174 586
77.924255 138.269852 145.629440 1.040710 587
116.581680 162.809662 146.988861 14.407904 588
35.837032 148.231079 217.725388 2.486279 589
27.664907 19.703726 230.913300 3.010453 590
176.919464 177.825745 219.436386 3.180130 591
90.846519 81.955627 177.786682 8.991648 592
251.132660 114.190987 6.336131 24.332289 593
40.399670 107.722038 246.155945 5.171464 594
67.322365 83.752556 28.196173 1.067728 595
158.036072 164.934723 53.196938 1.144262 596
126.269478 89.213661 113.894104 21.392456 597
65.830132 156.309464 255.804688 7.769934 598
109.643974 190.560501 208.498550 1.698821 599
239.288559 144.348160 39.438705 0.392800 600
89.026154 206.037537 246.210632 29.464054 601
96.323250 196.326309 143.301254 0.863609 602
102.893768 213.194000 183.404037 33.622173 603
86.237007 5.297037 157.192291 3.826862 604
149.645187 57.861141 191.599594 13.798899 605
98.760826 79.111786 74.596024 6.986142 606
84.580704 175.153778 242.483963 1.005750 607
81.018097 145.387253 213.654953 7.122353 608
188.904205 138.441727 108.886139 6.421308 609
46.532669 148.527969 18.141178 4.228734 610
106.714195 56.392345 37.805840 10.540121 611
244.257462 254.718704 90.510574 0.064224 612
246.038757 209.982971 47.392071 26.104668 613
207.529770 120.917755 32.868191 44.811092 614
11.789422 209.420456 151.949951 16.503567 615
11.086276 243.890259 31.977539 1.949987 616
38.813686 231.217987 234.944672 22.499233 617
152.114014 13.141026 44.235725 1.633274 618
232.843048 239.186981 81.979065 16.038937 619
55.150120 148.004517 164.739395 4.327508 620
19.500595 5.375164 85.846367 14.749217 621
65.173866 46.548294 132.191528 7.982304 622
33.344769 187.169769 63.462875 9.337058 623
16.570818 30.664999 17.977112 13.456938 624
126.839806 108.182991 24.930449 15.981136 625
10.109684 38.993378 51.157810 1.561728 626
99.331154 179.357040 78.478958 3.469039 627
69.986511 143.973145 91.416855 31.095350 628
74.096008 255.875000 239.515121 4.379677 629
216.795685 76.814842 30.102482 2.034233 630
11.297220 74.213203 143.590317 2.490945 631
188.529190 64.525406 95.229469 2.161809 632
149.027985 233.155548 199.420151 5.858621 633
89.596481 162.879974 36.454239 0.932718 634
68.259895 134.730667 85.861992 7.913073 635
175.825684 133.433762 6.117374 0.257022 636
221.897400 53.267250 224.967804 1.111092 637
31.415022 120.527115 64.181648 5.258143 638
39.719963 164.380020 86.877655 12.113843 639
210.014221 80.283699 99.276466 2.941391 640
33.446335 117.941101 238.968231 6.702972 641
195.638779 9.609669 165.708176 8.941472 642
221.686447 179.130463 202.709305 7.312523 643
107.722038 207.201630 212.404922 17.074883 644
250.952972 97.385788 54.751671 15.920177 645
6.125187 30.493118 227.983521 0.645755 646
188.662003 55.454819 139.910522 16.049822 647
124.097534 12.758202 33.688530 13.646901 648
196.162231 114.347237 176.138184 1.210167 649
237.288498 172.020874 4.453261 5.955691 650
105.659477 202.349930 55.556381 8.142831 651
216.756622 144.082520 157.840759 13.106348 652
181.325851 136.035400 37.446457 35.635021 653
229.983582 115.534775 171.075531 8.519786 654
248.195068 185.271286 77.228920 8.001531 655
77.838310 252.757721 70.033386 6.030052 656
5.218909 134.191589 83.494736 14.594881 657
227.608505 162.895599 54.275093 2.783565 658
10.258125 166.208191 78.986786 7.117002 659
189.974548 178.896088 225.983459 0.397930 660
9.086215 245.038727 9.601855 3.319397 661
128.042969 116.456680 223.014618 14.031041 662
240.382339 39.634022 225.413132 8.559545 663
66.298897 111.089325 35.868282 1.490816 664
84.697899 161.286179 73.603806 10.511909 665
27.664907 207.068817 216.725357 6.863719 666
201.545212 104.526627 235.561874 11.487515 667
74.447586 234.452469 200.396744 13.893999 668
218.303543 60.181522 103.800041 1.992782 669
253.367111 230.077332 113.362831 1.522353 670
163.270615 200.365494 183.005585 33.887760 671
188.552628 122.574051 182.755585 4.613092 672
10.656575 251.452988 43.016937 3.520433 673
